0 1 2 3 4 5 6 7 8 9 10 11 12 13 38 45 15
16 4 17 18 19 20 21 22 23 24 25 60 27 28 29 30 31
18 32 63 34 35 17 36 37 38 24 19 31 12 20 39 0 40
41 4 4 42 6 5 43 28 7 41 4 21 17 17 2 29 45
47 48 35 17 39 49 50 15 10 46 51 8 17 52 53 9 54
4 43 2 6 51 5 21 55 28 15 56 9 51 3 45 23 19
20 53 17 29 57 22 58 45 36 34 59 38 7 60 39 12 10
19 38 45 40 30 50 20 21 17 47 16 25 39 17 61 12 48
15 27 35 17 62 17 37 2 45 51 18 34 32 14 26 53 29
55 39 5 36 7 17 6 40 17 21 4 42 27 51 18 32 55
36 17 2 54 46 49 1 10 23 25 18 4 62 13 35 29 21
45 27 34 5 2 40 10 28 46 13 53 35 60 17 8 18 51
39 26 48 41 32 20 17 16 10 46 51 18 34 19 58 43 2
5 38 51 16 6 30 46 45 53 62 60 34 7 53 49 17 17
32 18 59 11 28 63 53 48 56 1 3 7 36 37 46 55 17
10 34 60 44 39 18 29 19 21 4 6 60 30 35 57 38 45
2 34 13 17 12 11 26 56 27 17 51 5 24 18 10 31 12
17 17 31 24 56 39 24 34 8 21 41 0 13 54 19 31 4
10 51 9 15 24 27 42 49 18 47 25 21 18 28 55 56 34
3 35 23 0 16 4 9 41 39 37 21 43 48 10 29 58 17
